10.000	-44.221
77.500	-41.860
145.000	-34.368
212.500	-38.089
280.000	-31.940
347.500	-29.595
415.000	-31.343
482.500	-28.939
550.000	-24.758
617.500	-26.479
685.000	-16.148
752.500	-19.213
820.000	-14.713
887.500	-16.968
955.000	-19.841
1022.500	-12.971
1090.000	-24.915
1157.500	-21.702
1225.000	-23.390
1292.500	-28.120
1360.000	-15.833
1427.500	-29.026
1495.000	-26.740
1562.500	-24.018
1630.000	-29.245
1697.500	-18.661
1765.000	-28.538
1832.500	-26.821
1900.000	-21.520
1967.500	-27.496
2035.000	-21.367
2102.500	-23.080
2170.000	-23.962
2237.500	-28.929
2305.000	-28.289
2372.500	-24.417
2440.000	-30.594
2507.500	-26.997
2575.000	-29.463
2642.500	-33.125
2710.000	-28.882
2777.500	-37.428
2845.000	-36.598
2912.500	-42.331
2980.000	-41.191
3047.500	-32.710
3115.000	-40.942
3182.500	-38.943
3250.000	-35.587
3317.500	-30.615
3385.000	-34.927
3452.500	-40.302
3520.000	-28.123
3587.500	-35.731
3655.000	-33.093
3722.500	-38.557
3790.000	-37.405
3857.500	-39.626
3925.000	-42.157
3992.500	-42.305
4060.000	-30.428
4127.500	-27.590
4195.000	-36.570
4262.500	-42.478
4330.000	-44.082
4397.500	-39.009
4465.000	-40.430
4532.500	-32.167
4600.000	-35.913
4667.500	-34.213
4735.000	-33.184
4802.500	-34.712
4870.000	-38.723
4937.500	-38.403
5005.000	-39.459
5072.500	-37.783
5140.000	-35.347
5207.500	-31.075
5275.000	-38.975
5342.500	-36.025
5410.000	-39.102
5477.500	-37.860
5545.000	-40.730
5612.500	-37.117
5680.000	-35.149
5747.500	-31.332
5815.000	-33.765
5882.500	-36.444
5950.000	-36.334
6017.500	-39.090
6085.000	-38.751
6152.500	-43.019
6220.000	-42.795
6287.500	-37.540
6355.000	-40.851
6422.500	-42.850
6490.000	-45.950
6557.500	-38.613
6625.000	-43.745
6692.500	-42.292
6760.000	-44.226
6827.500	-42.518
6895.000	-39.419
6962.500	-35.417
7030.000	-38.920
7097.500	-39.184
7165.000	-41.161
7232.500	-38.230
7300.000	-41.683
7367.500	-45.620
7435.000	-45.730
7502.500	-44.636
7570.000	-45.628
7637.500	-41.034
7705.000	-45.476
7772.500	-44.340
7840.000	-42.398
7907.500	-42.602
7975.000	-44.324
8042.500	-43.877
8110.000	-46.306
8177.500	-47.202
8245.000	-41.284
8312.500	-41.136
8380.000	-41.174
8447.500	-45.147
8515.000	-46.459
8582.500	-42.176
8650.000	-45.209
8717.500	-44.736
8785.000	-37.540
8852.500	-44.465
8920.000	-46.689
8987.500	-46.407
9055.000	-38.160
9122.500	-46.723
9190.000	-46.821
9257.500	-46.842
9325.000	-46.970
9392.500	-46.598
9460.000	-46.569
9527.500	-45.950
9595.000	-46.727
9662.500	-38.718
9730.000	-35.882
9797.500	-33.792
9865.000	-40.419
9932.500	-45.307
10000.000	-45.412
